# ATE (m) (aligned)
1.325354709511069595e-01
3.104451216836726646e-01
1.317258098464386407e-01
1.943495510768640244e-01
2.204031172375086056e-01
2.525074123082020616e-01
2.754220064799999812e-01
1.705711255881808275e-01
1.590973613254789698e-01
2.772662721061304736e-01
3.175220623430183298e-01
3.449937764109418659e-01
1.204180401503538028e-01
1.233161686369929344e-01
1.206212021968084969e-01
1.421312163768079784e-01
1.873550117888668209e-01
2.209896786928025048e-01
2.493286460506683733e-01
2.780639830590672656e-01
2.292180907206535223e-01
1.974189185809604175e-01
1.563278377935482522e-01
1.457292220990596410e-01
2.356647499102174914e-01
2.783721565592738312e-01
3.175246064157986603e-01
2.955843359180678753e-01
2.557527439506560585e-01
1.963695510210109185e-01
3.852797077400325898e-02
1.656288005304098754e-01
2.139211874698038196e-01
2.580211792490168521e-01
2.817037546284804073e-01
2.698247784867775501e-01
2.282051828908048252e-01
1.506476459285391312e-01
2.440960015902801650e-01
2.998332049891968554e-01
3.171887869797840320e-01
2.651594704166907457e-01
1.774361442785365728e-01
1.370174659857502641e-01
1.988413783131519064e-01
2.403127217004640825e-01
2.138395421712736000e-01
1.514903822718032533e-01
8.835682215831393294e-02
4.721742027957250010e-02
9.943605477501388235e-02
1.442014739857718497e-01
1.352871261644424117e-01
1.959328870221238861e-01
2.423012795405396214e-01
1.936294182370984773e-01
1.309811016043888332e-01
1.952868390175110658e-01
2.632453862585062976e-01
3.035709951424414021e-01
2.758090962205859142e-01
5.230233520302017547e-02
