# RPE (m)
6.905374167475359926e-01
6.730879420915070188e-01
8.638364744985030375e-02
2.175631274572971743e-02
5.852392152752568938e-02
5.981244301623198784e-02
1.220424250723083637e-01
5.482179253083394599e-01
1.751211427405325038e-01
7.270791304576133818e-02
4.380662314958781028e-02
7.024070199154759386e-01
3.591849406559239483e-02
4.904942041105067596e-02
7.595086787377754167e-02
9.038180786187016702e-02
5.589265783213390876e-02
5.317344689504330257e-02
5.184499831738838271e-02
9.428458830524739931e-02
4.822806291227131614e-02
6.601186310133962121e-02
4.443680158756140308e-01
1.453190914571103609e-01
6.739935806081537306e-02
7.063255245628599632e-02
2.275376157693502835e-02
6.189235328560378085e-02
1.169984400857549678e-01
3.510820923034526087e-01
2.093257324957922549e-01
7.463280992432221039e-02
6.989546140365622551e-02
3.889737102697297944e-02
2.511941816861996968e-02
6.563407966978743180e-02
1.297418413216028521e-01
5.977932250577369100e-01
8.682766025207627747e-02
4.883978201323187912e-02
7.888934293622926197e-02
1.538247815559639353e-01
4.714748891942708298e-01
9.496652466327269726e-02
8.016764919598194650e-02
5.544414663307575819e-02
1.059783457486481034e-01
1.143037465365417810e-01
4.771598929509905662e-02
8.581652598066413784e-02
7.887764445633491106e-02
4.285967957334492207e-01
9.615361009062518838e-02
7.212418728339342611e-02
7.372753685876128060e-02
4.965639213783659689e-01
4.974948615595341517e-01
1.093362261258820217e-01
6.385613859183786323e-02
3.869037043826285133e-02
4.239611000811395192e-01
